5.884600000000000941e-01
5.219099999999999850e-01
2.549800000000000400e-01
3.151200000000000667e-01
5.282300000000001994e-01
4.685400000000000675e-01
1.237499999999999850e-01
3.971999999999999975e-01
3.287499999999999867e-01
7.805699999999999861e-01
-8.674999999999996603e-02
-3.059599999999998987e-01
2.901999999999999372e-02
5.035599999999997856e-01
2.245799999999998908e-01
4.686400000000001120e-01
7.025499999999996747e-01
7.582999999999997520e-01
6.426300000000001456e-01
8.511399999999998967e-01
8.743199999999992089e-01
7.061000000000001720e-01
9.084699999999998887e-01
9.284600000000001740e-01
9.299000000000000599e-01
9.293499999999995653e-01
1.010429999999999717e+00
7.552599999999999314e-01
7.245399999999999618e-01
5.977499999999998925e-01
4.474799999999998223e-01
7.040699999999996406e-01
6.989199999999996527e-01
7.757999999999998231e-01
7.231599999999996919e-01
6.718300000000000383e-01
8.773300000000000542e-01
6.874299999999999855e-01
7.112400000000002054e-01
7.810399999999999565e-01
8.269500000000000739e-01
9.736999999999994548e-01
9.231499999999998041e-01
7.648899999999998478e-01
6.489700000000001578e-01
4.482299999999999063e-01
7.018199999999999994e-01
8.977200000000001845e-01
8.892799999999999594e-01
7.753699999999997816e-01
7.976699999999999902e-01
7.287499999999995648e-01
4.527300000000000213e-01
8.315399999999998348e-01
6.378900000000000681e-01
6.224100000000001298e-01
5.909400000000001318e-01
3.311400000000002120e-01
9.225399999999998046e-01
8.807600000000000984e-01
9.693099999999997829e-01
4.997399999999998510e-01
4.043599999999999417e-01
2.808299999999998575e-01
5.355000000000000870e-01
3.041799999999997839e-01
4.309899999999999842e-01
3.795699999999999630e-01
-2.599999999999999187e-02
-1.335300000000000098e-01
2.514000000000000679e-01
1.477399999999999547e-01
4.320000000000000506e-01
2.121899999999999065e-01
8.523999999999998245e-01
2.699699999999999878e-01
5.678200000000002134e-01
7.771700000000005826e-01
1.054110000000000547e+00
7.827899999999999858e-01
9.587300000000005262e-01
1.018830000000000346e+00
1.054550000000000098e+00
7.942100000000000826e-01
9.986499999999998156e-01
1.156260000000000066e+00
1.162820000000000187e+00
1.175550000000000539e+00
1.103710000000000635e+00
1.183300000000000685e+00
1.258980000000000432e+00
1.259319999999999995e+00
1.066400000000000237e+00
1.216340000000000199e+00
4.277900000000000591e-01
8.088899999999997759e-01
9.501599999999997825e-01
9.550100000000001366e-01
9.766899999999998361e-01
8.640400000000002523e-01
9.264399999999998192e-01
9.157299999999999329e-01
1.037179999999999991e+00
7.703999999999999737e-01
9.345100000000005069e-01
1.159210000000000740e+00
1.221580000000000332e+00
1.206820000000000448e+00
1.276850000000000485e+00
1.162470000000000336e+00
1.231670000000000265e+00
1.149089999999999723e+00
1.227610000000000312e+00
1.525600000000001122e-01
-3.689000000000000612e-02
9.240999999999997827e-02
6.196999999999999731e-02
1.771200000000001107e-01
2.455599999999999450e-01
4.495300000000002627e-01
6.176099999999999923e-01
5.363900000000003665e-01
1.344499999999999584e-01
4.909399999999998765e-01
4.119299999999999629e-01
5.356199999999999850e-01
7.708400000000001917e-01
8.977899999999999769e-01
9.675099999999998701e-01
9.010500000000000176e-01
1.150270000000000792e+00
1.291740000000000332e+00
1.318830000000000391e+00
1.297290000000000720e+00
1.331720000000000459e+00
1.415680000000000494e+00
1.106119999999999992e+00
1.179540000000000477e+00
1.311600000000000765e+00
1.112759999999999971e+00
1.196529999999999871e+00
-9.250100000000002209e-01
-6.694299999999998585e-01
5.563199999999998147e-01
9.752600000000001268e-01
-5.275199999999999889e-01
8.891699999999999049e-01
6.482499999999997708e-01
9.006399999999998851e-01
-1.593409999999999549e+00
-2.243740000000000290e+00
-1.052390000000000159e+00
-5.763399999999998524e-01
-1.615999999999999437e+00
-1.234519999999999840e+00
-1.953080000000000593e+00
-1.287400000000000100e+00
-1.073639999999999928e+00
-1.248569999999999736e+00
-1.709159999999999346e+00
-2.316840000000000455e+00
-1.235989999999999700e+00
-4.967300000000000049e-01
6.728000000000000647e-02
6.080999999999999600e-02
2.808799999999999630e-01
6.752599999999996383e-01
7.800999999999997936e-01
1.007089999999999597e+00
1.152639999999999887e+00
1.169720000000000537e+00
9.205899999999993533e-01
8.264699999999998159e-01
1.222740000000000382e+00
1.199840000000000462e+00
1.077260000000000328e+00
1.248440000000000438e+00
1.312250000000000583e+00
9.129900000000001903e-01
1.134180000000000410e+00
1.055140000000000411e+00
1.315960000000000685e+00
1.327340000000000408e+00
2.484600000000000142e-01
1.033480000000000176e+00
1.026200000000000223e+00
1.091930000000000289e+00
4.598999999999999755e-01
9.643099999999997785e-01
7.137399999999999300e-01
9.432499999999995888e-01
1.144819999999999727e+00
1.055989999999999762e+00
8.748200000000001531e-01
1.003110000000000168e+00
6.860399999999998721e-01
4.134399999999999187e-01
5.354199999999998960e-01
-2.726499999999999480e-01
4.722800000000001441e-01
2.694700000000000428e-01
5.587200000000001054e-01
5.233400000000001384e-01
-1.042600000000000054e-01
-5.702000000000000818e-02
3.210600000000000120e-01
1.976400000000000379e-01
3.104099999999999082e-01
-3.964999999999999081e-02
-6.078099999999999614e-01
-1.767410000000000148e+00
-6.099799999999998557e-01
8.870000000000002882e-03
4.370399999999999285e-01
2.370000000000000162e-01
5.531700000000000506e-01
5.201900000000003743e-01
5.081200000000002381e-01
8.289999999999999591e-01
7.664400000000000102e-01
8.440799999999998304e-01
1.135910000000000419e+00
1.922000000000000097e-02
-2.091870000000000118e+00
-1.044600000000000112e-01
6.732399999999999496e-01
6.102699999999999791e-01
9.508300000000002861e-01
7.562999999999999723e-01
5.288100000000001133e-01
3.247599999999999376e-01
-9.100899999999998435e-01
-1.835419999999999829e+00
-1.155639999999999779e+00
-4.287700000000000955e-01
-2.296099999999999253e-01
-2.835399999999999587e-01
2.741500000000001158e-01
3.702600000000000890e-01
2.946700000000000430e-01
5.159799999999999942e-01
5.256199999999998651e-01
-3.611499999999999710e-01
-1.292279999999999207e+00
-1.142440000000000122e+00
-9.194100000000000605e-01
-5.710800000000000320e-01
-1.207700000000000579e-01
-3.451099999999999723e-01
1.119900000000000340e-01
6.348600000000000909e-01
8.391999999999998350e-01
3.340099999999999736e-01
7.059399999999996789e-01
-6.679000000000000492e-01
3.161100000000000021e-01
3.899100000000001454e-01
6.848799999999997112e-01
-7.631999999999998507e-02
3.288399999999999102e-01
6.505999999999998451e-01
7.742800000000000793e-01
1.088040000000000118e+00
5.312400000000001565e-01
2.954199999999997939e-01
1.072349999999999470e+00
1.145339999999999803e+00
5.810700000000000864e-01
7.071599999999998998e-01
2.113200000000000078e-01
5.593499999999999028e-01
1.631900000000000572e-01
4.231300000000000061e-01
4.542599999999999971e-01
1.577199999999999713e-01
2.168000000000001870e-02
4.442599999999998772e-01
-4.272000000000000103e-02
-1.376499999999999668e-01
-5.593900000000000539e-01
-1.753999999999998269e-02
-5.042299999999998450e-01
-3.000899999999999124e-01
-5.263199999999998990e-01
-6.716000000000002523e-02
-6.112300000000000511e-01
2.978999999999998316e-02
1.857499999999999707e-01
3.857699999999998353e-01
-7.923700000000001298e-01
6.615000000000004210e-02
-5.291000000000001258e-02
5.343099999999999516e-01
7.455299999999998040e-01
4.355799999999998562e-01
5.516399999999999082e-01
6.009899999999999132e-01
9.460400000000003251e-01
8.871499999999997721e-01
1.061409999999999965e+00
7.088899999999996870e-01
8.988999999999998103e-01
4.405899999999999261e-01
-2.534399999999998876e-01
-1.028219999999999690e+00
-1.684889999999999555e+00
-7.156000000000003469e-01
-2.107689999999999841e+00
-6.582999999999999963e-02
-2.207059999999999800e+00
-1.156919999999999282e+00
-2.797099999999998476e-01
-3.370899999999999452e-01
2.187800000000000855e-01
3.187400000000001898e-01
6.179399999999999338e-01
7.273100000000001231e-01
7.302599999999999092e-01
7.330700000000004435e-01
7.817400000000002125e-01
3.908400000000000207e-01
5.107200000000000628e-01
8.175700000000004630e-01
8.956700000000001882e-01
1.141609999999999792e+00
5.988099999999999534e-01
-1.489670000000000716e+00
-8.236000000000000265e-02
3.303499999999999770e-01
-1.831510000000000415e+00
3.784000000000000558e-02
3.575000000000001510e-01
3.289400000000000657e-01
3.548100000000000143e-01
4.069599999999999329e-01
3.228999999999999926e-02
3.274699999999999833e-01
5.513500000000000068e-01
7.978100000000000191e-01
4.585800000000000431e-01
5.536400000000001320e-01
4.056500000000000661e-01
7.479099999999999637e-01
1.057039999999999980e+00
7.370099999999999429e-01
1.038099999999999579e+00
1.126529999999999587e+00
8.309700000000000975e-01
8.369299999999995077e-01
5.587600000000000344e-01
5.091399999999998149e-01
4.353400000000001158e-01
6.043200000000001904e-01
7.745900000000002228e-01
-4.339699999999998559e-01
-6.828000000000000735e-02
5.951100000000000279e-01
-2.685799999999999854e-01
2.649999999999997843e-03
9.097200000000005282e-01
1.213150000000000617e+00
-1.760000000000000453e-02
6.298199999999999354e-01
8.029200000000003001e-01
7.541699999999998960e-01
9.971200000000003394e-01
1.107169999999999765e+00
8.319599999999996998e-01
5.675799999999999734e-01
1.026170000000000027e+00
1.487510000000000332e+00
5.970499999999998586e-01
1.106400000000000050e+00
1.050780000000000269e+00
1.028910000000000657e+00
1.211930000000000618e+00
1.158560000000000034e+00
1.184949999999999726e+00
1.218480000000000230e+00
7.303200000000003023e-01
1.727200000000000124e-01
6.787300000000000555e-01
9.279699999999999616e-01
9.763100000000001222e-01
1.091360000000000108e+00
6.817700000000000982e-01
9.658000000000005469e-01
1.298490000000000810e+00
1.091720000000000024e+00
1.107070000000000665e+00
1.083940000000000126e+00
7.197400000000000464e-01
1.001910000000000300e+00
9.739799999999992908e-01
1.071320000000000272e+00
9.806000000000004990e-02
4.905099999999997240e-01
9.425900000000002610e-01
9.079900000000000748e-01
7.441200000000001147e-01
4.306099999999999373e-01
-2.929599999999999427e-01
2.339700000000000113e-01
5.501400000000000734e-01
8.613999999999996104e-01
1.737300000000000233e-01
4.269100000000000117e-01
4.693499999999998784e-01
9.849999999999997646e-02
-1.479910000000000059e+00
-1.071439999999999948e+00
-7.526000000000000745e-02
2.587099999999999955e-01
5.792199999999999571e-01
1.726699999999999902e-01
7.649000000000001631e-02
1.195800000000000057e-01
4.831399999999999029e-01
1.429800000000000515e-01
-1.481980000000000075e+00
3.428000000000001185e-02
5.184700000000000975e-01
5.550200000000000689e-01
-6.987699999999997802e-01
-7.780799999999998828e-01
-9.653499999999997083e-01
-6.904899999999998261e-01
-1.511400000000000521e-01
-1.782399999999999540e-01
-9.655500000000000194e-01
-1.609719999999999596e+00
-1.708099999999999952e+00
-1.259860000000000424e+00
-4.790599999999998193e-01
1.781699999999999673e-01
4.602000000000001090e-01
3.618599999999998484e-01
2.041399999999999326e-01
-6.286899999999999711e-01
-1.518100000000000283e-01
3.185999999999998833e-01
-4.118199999999999639e-01
-2.683300000000000129e-01
-2.788999999999998772e-02
3.412000000000001143e-01
7.666900000000000936e-01
4.643800000000001815e-01
-2.560200000000000253e-01
1.563599999999999435e-01
5.945400000000000684e-01
7.763500000000003176e-01
9.243200000000002525e-01
8.809599999999997433e-01
1.114550000000000152e+00
1.030729999999999924e+00
1.041320000000000245e+00
6.207700000000001550e-01
8.111099999999997756e-01
7.338099999999998513e-01
6.518200000000001770e-01
-7.080099999999996951e-01
-1.738499999999999712e+00
-9.642600000000003391e-01
-8.250600000000002376e-01
-1.667459999999999498e+00
-5.669000000000000705e-01
9.520000000000000684e-02
-5.724900000000000544e-01
-2.820599999999999774e-01
-2.633400000000000740e-01
-3.071100000000000496e-01
-1.735839999999999383e+00
-8.887000000000003785e-01
-3.795299999999998120e-01
1.772499999999999354e-01
8.907999999999999252e-02
-1.112399999999999833e+00
-7.856500000000000705e-01
-7.168799999999998507e-01
-1.072249999999999703e+00
-1.355729999999999436e+00
-9.769399999999999196e-01
-1.464960000000000040e+00
-1.974750000000000227e+00
-7.753100000000001657e-01
3.634799999999999143e-01
4.706799999999997652e-01
3.839499999999999580e-01
1.853799999999999892e-01
6.006199999999999317e-01
-1.118600000000000289e-01
3.347999999999998755e-01
8.061000000000001497e-01
8.049700000000001854e-01
7.621300000000000852e-01
9.725900000000002876e-01
6.944600000000000772e-01
8.839300000000001045e-01
8.870900000000001562e-01
8.537400000000000544e-01
7.837199999999998612e-01
4.250500000000000389e-01
-1.504369999999999763e+00
-4.035099999999999798e-01
2.016100000000000947e-01
2.164399999999999380e-01
2.195399999999999296e-01
-9.958100000000000840e-01
-5.356499999999999595e-01
6.438899999999999624e-01
1.400300000000000156e-01
7.682100000000001705e-01
1.020090000000000385e+00
5.096999999999999448e-02
8.834800000000001541e-01
8.613799999999999235e-01
1.006380000000000274e+00
1.304219999999999935e+00
1.118149999999999755e+00
1.230790000000000273e+00
1.029790000000000205e+00
1.016399999999999970e+00
8.798000000000000265e-01
2.259500000000000675e-01
-9.684700000000000530e-01
-6.698300000000001475e-01
3.325199999999998712e-01
1.048260000000000192e+00
-1.408739999999998993e+00
-2.710999999999998966e-01
-8.060999999999995946e-02
4.584899999999998421e-01
6.473799999999998445e-01
9.018299999999997985e-01
-1.290359999999999507e+00
-1.435439999999999827e+00
-1.334199999999999275e-01
-1.269609999999999905e+00
-6.469999999999999085e-01
-1.284569999999999990e+00
-1.986130000000000173e+00
-3.448900000000001409e-01
-7.997000000000002717e-02
-5.959499999999998687e-01
2.378199999999999759e-01
5.461699999999999333e-01
5.673399999999998444e-01
2.488800000000000179e-01
5.954899999999998528e-01
7.076499999999995572e-01
-1.325989999999999558e+00
-4.661999999999996702e-02
3.659299999999998665e-01
8.032000000000007189e-02
-7.504999999999997784e-02
-1.286559999999999704e+00
-1.882200000000000539e+00
-1.499659999999999993e+00
-5.418000000000000593e-01
-3.694799999999998086e-01
1.555600000000000038e-01
1.412500000000000422e-01
-1.305200000000000138e+00
-7.718500000000001471e-01
9.156000000000000250e-02
2.633399999999999075e-01
3.845599999999999574e-01
6.532899999999994822e-01
-6.591999999999999249e-02
-7.342600000000000238e-01
-5.490000000000001545e-01
3.139299999999998203e-01
7.978500000000000592e-01
5.596199999999997843e-01
7.334700000000000664e-01
1.912499999999999756e-01
4.828800000000000869e-01
3.318199999999998928e-01
5.303499999999999881e-01
3.840200000000000280e-01
4.559000000000001940e-02
-9.031500000000000083e-01
-1.317989999999999995e+00
-1.976550000000000029e+00
-1.543569999999999443e+00
-5.850299999999999390e-01
-2.602399999999999158e-01
-1.131820000000000270e+00
-1.321980000000000155e+00
-5.559599999999997877e-01
-1.274910000000000654e+00
-1.731149999999999745e+00
-1.358340000000000547e+00
-1.676670000000000105e+00
-9.699099999999992727e-01
2.815299999999999470e-01
-5.465900000000000203e-01
-6.432000000000000217e-02
1.963399999999999035e-01
-4.614000000000001434e-01
4.983800000000001007e-01
4.040000000000001923e-02
6.005099999999997662e-01
8.613800000000000345e-01
1.028470000000000439e+00
5.520499999999999297e-01
2.971700000000000452e-01
-8.558899999999997066e-01
-6.815000000000001612e-02
3.062899999999999512e-01
4.710799999999999432e-01
4.125100000000000433e-01
1.299599999999999922e-01
-5.786500000000001087e-01
-1.828249999999999931e+00
-9.890700000000001157e-01
-1.063610000000000388e+00
-1.056190000000000850e+00
-6.959699999999997555e-01
-9.767199999999996995e-01
-1.390260000000000495e+00
-2.312300000000000466e+00
-1.074950000000000294e+00
-5.054400000000000004e-01
-5.558499999999999552e-01
-1.584210000000000118e+00
-7.369200000000000195e-01
-1.959809999999999608e+00
-1.427839999999999998e+00
-1.672629999999999173e+00
-6.118099999999997429e-01
-6.214199999999998614e-01
-8.810400000000001564e-01
-1.084860000000000158e+00
-1.489139999999999686e+00
-3.347199999999999620e-01
2.238100000000000089e-01
5.854000000000002535e-01
5.161000000000001142e-01
4.884899999999999798e-01
5.715799999999997549e-01
5.982099999999997975e-01
4.330900000000000305e-01
5.098099999999997634e-01
-3.048000000000000154e-01
-1.976780000000000648e+00
-1.166390000000000482e+00
-4.956499999999998129e-01
-9.770900000000004582e-01
-6.342699999999996674e-01
-4.324900000000000411e-01
-2.723299999999999610e-01
-8.427700000000004632e-01
-7.229199999999998960e-01
-4.997099999999998210e-01
-1.231209999999999694e+00
-1.913009999999999877e+00
-1.713999999999999746e+00
-1.335779999999999523e+00
-1.366800000000000515e-01
9.869999999999986423e-03
2.724699999999998790e-01
1.541799999999999837e-01
3.839200000000000390e-01
4.419199999999999795e-01
-9.673999999999997879e-02
4.299699999999999078e-01
3.727900000000000102e-01
7.259100000000000552e-01
6.024199999999999555e-01
7.639599999999997504e-01
4.060000000000000830e-01
7.848999999999999311e-01
7.945499999999999785e-01
4.493400000000000727e-01
5.752299999999999081e-01
5.850599999999999135e-01
7.044599999999995310e-01
-6.119999999999997664e-02
3.146399999999999753e-01
6.073000000000001730e-01
6.242099999999998206e-01
8.044700000000000184e-01
7.385200000000000653e-01
5.059000000000001274e-01
3.256400000000000960e-01
1.935399999999999621e-01
2.940599999999998770e-01
5.135200000000000875e-01
3.017499999999999072e-01
5.850300000000000500e-01
7.609200000000005959e-01
-5.499999999999988405e-03
-4.037499999999998312e-01
-1.065660000000000052e+00
1.701700000000000434e-01
8.020000000000013229e-03
4.890599999999999392e-01
5.117099999999999982e-01
4.408699999999999841e-01
-2.220400000000000706e-01
-4.214300000000000823e-01
-4.339400000000000479e-01
1.905200000000000227e-01
1.408200000000000007e-01
2.641999999999999349e-01
4.298499999999998988e-01
7.142499999999999405e-01
7.268499999999998851e-01
7.650700000000000278e-01
7.169500000000000872e-01
6.449700000000000433e-01
4.563700000000002199e-01
4.865600000000000480e-01
6.882900000000001794e-01
5.399200000000000665e-01
5.894900000000002915e-01
5.661000000000001586e-01
4.337500000000001354e-01
6.243999999999999551e-01
7.497399999999997400e-01
6.411699999999999067e-01
6.206000000000000405e-01
4.731199999999997630e-01
7.350000000000000977e-01
3.494799999999999573e-01
4.449199999999999822e-01
7.404099999999997905e-01
4.847599999999998022e-01
-5.510299999999996867e-01
1.035900000000000015e-01
3.302100000000000590e-01
3.048000000000000154e-01
3.955799999999999317e-01
4.380100000000000104e-01
4.150299999999998435e-01
2.675299999999999900e-01
2.195299999999999474e-01
2.446500000000000619e-01
-5.502999999999998171e-02
2.746100000000000763e-01
-6.629999999999998117e-01
3.653899999999999926e-01
7.471299999999999608e-01
7.598499999999996923e-01
1.117499999999999882e-01
2.464999999999999969e-01
-4.668999999999999262e-01
-4.100000000000059001e-04
3.138599999999999723e-01
4.690400000000000125e-01
3.563700000000000201e-01
5.467700000000000893e-01
1.385400000000000520e-01
-1.487189999999999568e+00
-1.120450000000000390e+00
-1.297800000000000065e-01
3.896900000000000364e-01
4.128999999999998227e-01
7.337800000000003209e-01
4.517599999999999949e-01
2.745300000000000518e-01
2.225999999999999368e-01
4.263000000000000123e-01
5.643200000000002658e-01
5.615100000000000646e-01
-3.182000000000000800e-02
-5.653599999999999737e-01
4.385999999999998927e-02
1.887599999999999834e-01
4.362500000000000822e-01
3.784599999999999076e-01
2.924700000000000633e-01
3.913499999999999757e-01
4.922799999999999954e-01
-1.483670000000000488e+00
-1.233349999999999724e+00
-1.293730000000000269e+00
1.240300000000000430e-01
2.278500000000000247e-01
1.851999999999999827e-02
4.941399999999996351e-01
7.601100000000002854e-01
8.251499999999996060e-01
6.482999999999999874e-01
4.131399999999998407e-01
2.635000000000000675e-01
2.841300000000001047e-01
-2.886500000000000177e-01
-1.449070000000000080e+00
-8.962299999999998601e-01
-6.241299999999998516e-01
-3.850099999999998523e-01
-8.195799999999998642e-01
-1.732490000000000308e+00
-1.168369999999999687e+00
-1.451170000000000959e+00
-1.776929999999999454e+00
-7.876500000000002943e-01
1.829999999999971840e-03
5.926900000000002722e-01
6.591299999999997716e-01
7.262300000000000422e-01
7.121199999999998642e-01
4.580799999999999317e-01
-1.251400000000000012e-01
-1.416099999999999859e-01
4.133099999999999552e-01
5.558200000000002028e-01
4.346500000000002029e-01
-1.110130000000000061e+00
-6.641999999999995685e-01
2.258800000000001917e-01
4.771599999999998065e-01
8.563500000000000556e-01
6.970799999999998109e-01
6.721199999999999397e-01
9.500100000000007983e-01
1.049529999999999852e+00
1.066599999999999770e+00
9.880500000000000949e-01
7.183599999999999985e-01
9.314199999999998036e-01
9.287799999999996059e-01
1.083060000000000134e+00
3.964399999999999036e-01
8.389199999999997770e-01
8.220599999999999019e-01
8.391500000000000625e-01
7.273399999999995424e-01
6.500299999999998857e-01
6.694900000000000295e-01
7.648100000000001009e-01
7.733999999999997543e-01
5.340099999999998737e-01
1.001099999999999657e+00
5.630600000000001160e-01
6.652399999999998315e-01
6.016600000000000836e-01
5.070099999999999607e-01
7.328799999999999759e-01
9.468099999999995964e-01
7.173999999999999266e-01
5.057299999999999018e-01
1.141799999999999760e-01
4.524800000000001043e-01
-1.306300000000000516e-01
-1.573869999999999658e+00
-1.931680000000000286e+00
-5.700699999999999656e-01
-7.114100000000002089e-01
-1.675210000000000532e+00
-1.825819999999999332e+00
-5.833400000000000807e-01
1.988900000000000945e-01
2.489399999999999391e-01
6.070200000000002261e-01
5.518700000000000827e-01
5.433100000000000707e-01
6.297599999999998754e-01
-2.449999999999998845e-01
-1.693999999999999395e-01
2.007799999999999307e-01
3.918699999999998851e-01
5.556800000000000628e-01
5.006399999999998629e-01
-5.146999999999999492e-02
4.012899999999998135e-01
5.643299999999998873e-01
-1.815399999999999514e-01
-1.191530000000000422e+00
-3.890300000000001535e-01
6.174299999999999233e-01
6.165999999999999259e-01
6.380000000000001226e-01
7.405399999999996430e-01
9.247800000000003795e-01
5.359300000000002395e-01
-1.086799999999999766e+00
-1.742399999999999505e-01
2.614299999999999402e-01
-7.067400000000000349e-01
-3.229999999999986354e-03
4.193599999999997885e-01
2.521100000000000563e-01
4.708000000000000518e-01
5.778799999999999493e-01
4.844199999999998507e-01
7.057900000000000285e-01
6.503100000000001657e-01
6.190700000000000092e-01
4.558599999999999874e-01
6.318699999999999317e-01
4.594699999999999340e-01
4.756499999999998507e-01
3.310699999999999199e-01
4.956299999999999040e-01
5.742900000000000782e-01
-6.881899999999998574e-01
-1.796609999999999818e+00
-1.930829999999999380e+00
-5.958299999999997487e-01
-1.164970000000000505e+00
-7.323000000000000342e-02
6.753999999999997506e-02
3.994799999999999462e-01
3.651599999999999846e-01
4.838000000000001188e-01
2.501299999999999635e-01
2.760500000000001286e-01
3.222500000000000919e-01
4.606399999999999939e-01
-3.338499999999999801e-01
1.996199999999999919e-01
1.898600000000000010e-01
-9.080400000000000693e-01
-1.905279999999999863e+00
-5.215400000000000036e-01
4.566999999999999532e-02
-2.503100000000000325e-01
1.420100000000000529e-01
-1.350480000000000347e+00
-1.324459999999999305e+00
-7.568099999999998717e-01
1.226899999999999519e-01
2.898199999999999665e-01
3.044000000000000594e-01
3.502399999999999403e-01
1.883999999999999286e-01
2.030699999999999172e-01
3.600800000000000112e-01
5.036399999999998656e-01
6.666499999999999648e-01
-7.666099999999995696e-01
-5.534000000000001418e-02
4.520499999999998408e-01
5.540500000000001535e-01
6.346899999999999764e-01
2.872899999999999898e-01
2.128899999999998849e-01
-9.144999999999997575e-02
-1.170899999999999719e-01
-6.066000000000002640e-02
3.346099999999999630e-01
-2.649999999999993507e-03
-3.509999999999999232e-01
2.802100000000000701e-01
1.651600000000000290e-01
5.273399999999999199e-01
1.050859999999999905e+00
8.459799999999997322e-01
8.272800000000001264e-01
8.968399999999994154e-01
9.808300000000003127e-01
6.914900000000000491e-01
3.486500000000000155e-01
3.102999999999999647e-01
3.667900000000001159e-01
-7.385999999999999510e-02
4.747700000000001364e-01
5.345599999999998131e-01
4.950800000000000201e-01
6.635899999999996801e-01
7.277599999999999625e-01
-8.717499999999998028e-01
-1.280610000000000026e+00
1.742499999999999605e-01
-9.710399999999999032e-01
-9.158499999999999419e-01
-1.161799999999999361e-01
1.998999999999999735e-02
4.758000000000001811e-02
2.622100000000000541e-01
3.873199999999999421e-01
3.354599999999998694e-01
5.859000000000003788e-02
-2.209600000000000453e-01
1.909899999999999654e-01
-1.157580000000000053e+00
-1.637150000000000327e+00
-1.093960000000000266e+00
1.671000000000001373e-01
4.120099999999998763e-01
3.839499999999997915e-01
4.992899999999999561e-01
6.439399999999999569e-01
8.051200000000002799e-01
6.850100000000000078e-01
-1.997000000000000858e-02
-5.816000000000002279e-01
2.261200000000000154e-01
5.724900000000000544e-01
4.884799999999998033e-01
4.370800000000001351e-01
-2.996699999999999364e-01
9.820999999999996399e-02
3.013999999999999457e-01
5.465800000000000658e-01
7.167300000000002003e-01
5.213400000000000256e-01
7.016099999999997339e-01
5.263700000000001156e-01
5.631899999999998574e-01
2.989899999999999780e-01
2.603299999999999503e-01
3.547700000000000298e-01
1.291299999999999948e-01
5.502499999999999059e-01
7.807900000000002061e-01
9.505300000000000971e-01
5.275699999999999834e-01
6.640999999999999126e-01
9.944199999999997486e-01
1.070129999999999804e+00
9.304199999999995807e-01
1.048899999999999944e+00
1.188920000000000421e+00
7.602000000000001811e-02
8.463600000000001122e-01
6.616900000000002224e-01
9.933799999999998187e-01
5.835299999999995491e-01
4.731199999999998185e-01
7.468299999999997718e-01
5.160200000000000342e-01
2.947600000000000220e-01
2.132000000000000839e-01
1.935300000000000076e-01
-1.958410000000000650e+00
-1.046180000000000110e+00
1.308400000000000396e-01
-1.342699999999999172e-01
4.538100000000001577e-01
6.262999999999997458e-01
6.363499999999997492e-01
-6.174499999999999433e-01
-1.175049999999999706e+00
-4.080500000000000793e-01
-6.987299999999998512e-01
-1.004449999999999843e+00
2.527000000000000426e-02
4.906899999999999040e-01
6.446000000000000618e-01
5.401699999999999280e-01
3.604999999999999871e-01
-3.113399999999999501e-01
2.669500000000001316e-01
4.512700000000001710e-01
5.118100000000000982e-01
4.485700000000000798e-01
5.929799999999999516e-01
8.701899999999994639e-01
5.705300000000000926e-01
2.054699999999999582e-01
5.553200000000002579e-01
-3.991999999999997217e-01
4.045900000000000052e-01
4.713099999999998402e-01
-5.690999999999998143e-02
-3.723500000000000698e-01
1.644000000000000183e-01
4.135199999999999432e-01
3.813499999999999668e-01
-3.863000000000001433e-01
-7.289700000000000069e-01
6.039700000000004509e-01
1.018530000000000602e+00
-3.067199999999999371e-01
-1.879599999999999604e-01
3.014099999999999002e-01
6.899699999999999722e-01
9.015699999999996495e-01
6.339799999999999880e-01
-3.148599999999999177e-01
1.656800000000000217e-01
3.178999999999998494e-01
2.964700000000000113e-01
-9.889399999999998192e-01
-4.291999999999998594e-02
2.820000000000000631e-02
4.040400000000001213e-01
2.930599999999999872e-01
5.901000000000000689e-02
-5.171499999999999986e-01
-1.257600000000000107e-01
7.744099999999999318e-01
8.027000000000001911e-01
6.339899999999998315e-01
8.507699999999995821e-01
1.083229999999999693e+00
-5.342999999999999139e-02
5.957800000000000873e-01
-2.302599999999999369e-01
3.667400000000001214e-01
-4.413000000000000256e-02
7.437399999999999567e-01
6.412800000000001832e-01
-3.878000000000001446e-01
5.247100000000000097e-01
4.617200000000001858e-01
2.827599999999999558e-01
3.834500000000000131e-01
-1.541000000000000147e-01
8.772900000000002363e-01
1.128020000000000023e+00
-5.335000000000000159e-02
-3.186399999999999788e-01
-6.372800000000001797e-01
-5.589400000000001034e-01
-4.784100000000001685e-01
-4.740100000000001534e-01
2.062199999999999311e-01
1.941000000000000503e-01
4.449499999999999011e-01
5.234600000000001474e-01
2.797700000000000187e-01
-1.808199999999999807e-01
5.154099999999998127e-01
4.646199999999998109e-01
9.460000000000000353e-02
6.477199999999999624e-01
1.291100000000000025e-01
7.783899999999998043e-01
1.506399999999999684e-01
6.573799999999999644e-01
-1.567000000000000060e-01
-1.765099999999999725e-01
3.274500000000000188e-01
4.598300000000000165e-01
5.685700000000001308e-01
1.569899999999999907e-01
2.641499999999999404e-01
2.540200000000000236e-01
5.394399999999999196e-01
6.504999999999999671e-01
9.768799999999998596e-01
8.132300000000003415e-01
6.330199999999998051e-01
8.675700000000001744e-01
7.059900000000002285e-01
1.360360000000000236e+00
7.004700000000002591e-01
7.714399999999999036e-01
-4.922799999999999954e-01
6.107900000000002771e-01
-2.500199999999999645e-01
2.717300000000000826e-01
6.622799999999999798e-01
8.030500000000000416e-01
3.621600000000001485e-01
-7.507000000000001172e-02
-9.493199999999997196e-01
-1.996599999999999764e-01
3.629099999999998993e-01
2.945400000000000240e-01
3.820200000000001928e-01
5.032700000000001062e-01
4.509700000000002040e-01
4.319200000000000261e-01
3.647700000000002607e-01
4.807699999999999751e-01
3.608000000000002178e-02
6.580799999999998873e-01
5.729299999999999393e-01
1.073520000000000252e+00
1.081300000000000150e+00
1.088389999999999969e+00
1.101969999999999672e+00
-1.890000000000006692e-03
-9.361999999999995326e-02
-2.212999999999999690e-02
2.813600000000000545e-01
6.786999999999998590e-02
4.524100000000002564e-01
9.044100000000001582e-01
1.064130000000000686e+00
1.102169999999999428e+00
1.071860000000000035e+00
1.042309999999999848e+00
6.982599999999997697e-01
9.076899999999994417e-01
1.003509999999999680e+00
7.200899999999998968e-01
7.232600000000001250e-01
7.474999999999998312e-01
4.956099999999999395e-01
4.631899999999998241e-01
9.063199999999997925e-01
-1.540799999999998837e-01
2.535600000000000076e-01
2.685099999999999709e-01
-1.645800000000000318e-01
1.761799999999999200e-01
4.035999999999999310e-02
1.301999999999999824e-01
-5.241099999999999648e-01
3.567999999999999644e-02
4.785200000000002785e-01
6.090500000000002023e-01
7.076699999999999102e-01
2.471700000000000008e-01
2.080400000000000582e-01
4.600800000000000445e-01
2.123800000000001797e-01
-5.310399999999997345e-01
-1.593349999999999600e+00
-7.937899999999998846e-01
-5.674199999999999244e-01
-1.401399999999999868e-01
1.205199999999999744e-01
3.060299999999999687e-01
2.967599999999999683e-01
1.263900000000000023e-01
1.482899999999999774e-01
3.306999999999999940e-01
3.943600000000000438e-01
6.143899999999998807e-01
1.781000000000000916e-01
2.020100000000001061e-01
3.207300000000000706e-01
3.360699999999999799e-01
2.232099999999998252e-01
-1.309400000000000286e-01
5.514200000000001323e-01
6.391100000000001780e-01
6.255700000000000705e-01
7.361600000000000366e-01
8.059800000000002518e-01
4.245700000000001695e-01
8.085599999999999454e-01
6.039000000000002144e-01
9.239700000000001801e-01
8.858800000000003338e-01
5.599600000000001243e-01
7.662500000000000977e-01
6.777900000000000036e-01
5.860299999999999399e-01
6.028000000000002800e-02
6.359000000000000763e-02
3.551800000000001623e-01
1.237300000000000622e-01
3.071599999999999886e-01
5.284699999999998843e-01
-6.640800000000000036e-01
-5.342000000000000082e-01
-1.074419999999999265e+00
-1.338039999999999674e+00
-1.224420000000000064e+00
-1.803220000000000267e+00
-1.119989999999999819e+00
-2.112199999999999633e-01
2.787399999999998768e-01
5.398499999999999410e-01
6.606499999999999595e-01
6.257499999999999174e-01
7.277699999999996949e-01
8.400999999999992918e-01
8.429400000000000226e-01
6.904000000000004578e-01
5.382199999999999207e-01
4.415499999999997760e-01
5.504100000000000659e-01
7.561799999999996302e-01
1.338899999999999813e-01
4.573999999999999733e-01
7.983199999999996965e-01
5.768899999999999029e-01
5.346699999999998676e-01
1.201900000000000329e-01
5.825399999999999467e-01
3.829399999999998361e-01
9.112199999999998079e-01
7.801299999999996571e-01
9.472299999999996833e-01
9.820099999999996054e-01
7.704699999999999882e-01
7.373899999999999899e-01
8.636000000000000343e-01
9.618899999999999118e-01
4.783099999999999019e-01
3.624699999999999034e-01
2.891200000000002102e-01
-2.283799999999999997e-01
3.450500000000000789e-01
9.162000000000004862e-02
3.717499999999999694e-01
-6.211699999999999999e-01
8.363000000000006540e-02
-1.652700000000000002e-01
-4.349600000000000133e-01
-1.692200000000000371e-01
-1.032259999999999955e+00
-1.619020000000000126e+00
-1.184439999999999937e+00
-1.268019999999999925e+00
-1.000319999999999654e+00
-8.417100000000000692e-01
-1.687799999999999745e+00
-1.940579999999999972e+00
-1.962609999999999966e+00
-2.391420000000000101e+00
-1.249430000000000041e+00
-1.502200000000000479e-01
3.159299999999999886e-01
-8.780599999999997296e-01
-1.975799999999999501e-01
-1.289099999999999691e+00
-1.303020000000000511e+00
-1.885799999999999421e-01
-1.709370000000000722e+00
-1.070430000000000215e+00
-3.935699999999999754e-01
2.312499999999999556e-01
1.525800000000000212e-01
-2.112800000000000233e-01
1.312600000000000433e-01
-9.431999999999999273e-01
-8.718599999999997463e-01
-5.137200000000001765e-01
-2.796599999999999642e-01
-4.561100000000001264e-01
4.299999999999970621e-04
1.931399999999999784e-01
3.659700000000000175e-01
2.102299999999999724e-01
5.364899999999999114e-01
7.895200000000001106e-01
9.408299999999998331e-01
6.117100000000000870e-01
6.149999999999997691e-01
5.292899999999999272e-01
2.738100000000000533e-01
5.970500000000001917e-01
4.950800000000000201e-01
-1.604720000000000368e+00
-1.731810000000000294e+00
-7.464000000000002855e-01
3.190000000000001168e-02
-2.110800000000000176e-01
7.860999999999998544e-02
6.266999999999997017e-01
5.258099999999999996e-01
7.428199999999998138e-01
7.788500000000001533e-01
7.330000000000000959e-01
-1.985000000000000375e-01
-9.976799999999995672e-01
4.834000000000007041e-02
6.121699999999998809e-01
-4.643199999999998995e-01
-4.851300000000002832e-01
-7.980999999999995875e-01
-1.495429999999999593e+00
-1.553820000000000423e+00
-8.336600000000002897e-01
-9.068000000000003835e-01
-8.636600000000000943e-01
-5.553600000000000758e-01
-1.126899999999999985e-01
4.965000000000006214e-02
4.804699999999998417e-01
2.214399999999999424e-01
2.130000000000000643e-02
-6.305999999999998273e-01
-3.904899999999999483e-01
-6.328000000000002512e-01
1.550600000000000034e-01
2.558100000000000374e-01
-1.239899999999999752e-01
4.087599999999999012e-01
-6.702099999999999724e-01
1.602299999999999836e-01
5.984999999999998099e-01
-6.575599999999997003e-01
-6.273800000000000487e-01
-2.838299999999999712e-01
1.597699999999999954e-01
-2.532399999999999651e-01
-1.209050000000000402e+00
-6.267900000000000693e-01
-1.111499999999999988e-01
-3.332499999999999352e-01
-1.730800000000000116e-01
6.846999999999994757e-02
-9.525100000000001899e-01
-1.394189999999999818e+00
-1.864680000000000115e+00
-3.528799999999999715e-01
1.417500000000000149e-01
5.091400000000000370e-01
9.223700000000001342e-01
3.114200000000001411e-01
-1.034189999999999721e+00
-2.128619999999999290e+00
-1.978759999999999408e+00
-2.337600000000000566e+00
-1.363050000000000539e+00
-1.219109999999999916e+00
-6.902999999999995806e-01
-1.019140000000000157e+00
-8.381500000000002837e-01
-1.463639999999999830e+00
-1.022930000000000117e+00
-1.578459999999999530e+00
-9.718000000000002192e-01
-1.230500000000000205e-01
2.469299999999998996e-01
2.741399999999998283e-01
-2.119999999999974769e-03
3.440000000000001390e-01
-5.794500000000001316e-01
-3.802999999999998743e-02
3.604000000000002341e-02
-4.876400000000001844e-01
-1.021919999999999717e+00
-1.362969999999999793e+00
-2.020260000000000833e+00
-1.777280000000000637e+00
-1.746599999999999930e+00
-1.550869999999999971e+00
-1.391950000000000465e+00
-8.452899999999999858e-01
-7.354900000000000881e-01
-1.481500000000000594e-01
-6.370000000000001217e-01
-2.226700000000000068e-01
6.035999999999999005e-02
4.684899999999999065e-01
-6.424699999999999855e-01
-9.017199999999995219e-01
-1.355109999999999593e+00
-1.372839999999999616e+00
-5.761899999999998689e-01
-8.677100000000002034e-01
-1.196229999999999905e+00
-1.049919999999999964e+00
-1.388649999999999274e+00
-1.604630000000000445e+00
-1.729110000000000591e+00
-1.189490000000000380e+00
-9.465000000000002300e-01
-1.200460000000000527e+00
-1.677440000000000264e+00
-1.582260000000000222e+00
-6.897899999999996812e-01
-4.534900000000001152e-01
-3.438199999999999590e-01
-7.614599999999996927e-01
-1.307300000000000573e+00
-1.265600000000000613e-01
9.647000000000000020e-02
9.788000000000003642e-02
1.904100000000001902e-01
1.404499999999999638e-01
2.279199999999999560e-01
5.992699999999998584e-01
3.038100000000000245e-01
5.134900000000002240e-01
9.133299999999999752e-01
8.774699999999997502e-01
9.640200000000004321e-01
1.284870000000000179e+00
1.163619999999999433e+00
9.809199999999997921e-01
9.322199999999994935e-01
1.620399999999999341e-01
5.423600000000001753e-01
-1.866999999999999910e-02
7.255099999999999882e-01
2.908900000000000374e-01
4.484700000000000908e-01
6.363299999999999512e-01
8.261899999999998689e-01
8.744599999999995710e-01
5.750300000000002631e-01
3.839300000000002155e-01
-4.757200000000000317e-01
7.377000000000001612e-02
7.569099999999996387e-01
3.610400000000001941e-01
7.140200000000003211e-01
2.360899999999999943e-01
6.635599999999999277e-01
8.278099999999998237e-01
8.912799999999999612e-01
9.199999999999997069e-01
9.351500000000000368e-01
9.681000000000001826e-01
9.884999999999997122e-01
8.453999999999998183e-01
9.130899999999997352e-01
1.002139999999999365e+00
8.520999999999996355e-01
-1.041699999999999848e-01
-1.023479999999999279e+00
-1.094160000000000021e+00
-1.709999999999999298e-01
-5.088199999999997170e-01
-6.199999999999999956e-02
5.519300000000000317e-01
7.169500000000003093e-01
6.939900000000003288e-01
7.528400000000001757e-01
7.607800000000001228e-01
1.149299999999999544e+00
1.141219999999999457e+00
7.885899999999997911e-01
1.231230000000000047e+00
1.031189999999999829e+00
9.949800000000004196e-01
1.086970000000000214e+00
1.212210000000000232e+00
1.190340000000000398e+00
9.041499999999998982e-01
9.858900000000002661e-01
-1.473899999999999932e-01
5.270099999999999785e-01
8.068899999999997741e-01
9.270800000000000152e-01
9.151200000000005996e-01
7.364500000000004931e-01
7.639900000000003910e-01
6.428300000000000125e-01
5.825599999999998557e-01
7.976399999999997936e-01
6.575200000000001044e-01
1.073420000000000041e+00
1.067749999999999533e+00
1.402299999999999935e-01
8.336200000000002497e-01
-1.116589999999999527e+00
1.845299999999999718e-01
6.110200000000002296e-01
8.843200000000002170e-01
9.163099999999998468e-01
1.007539999999999880e+00
1.069239999999999746e+00
6.865399999999999281e-01
8.481000000000006311e-01
1.060129999999999573e+00
1.259219999999999340e+00
1.121980000000000199e+00
3.705500000000000460e-01
-5.978600000000000581e-01
-1.613439999999999985e+00
-1.766619999999999857e+00
-2.297199999999999520e-01
4.877399999999999514e-01
7.409999999999995479e-01
-6.053699999999998527e-01
-1.828479999999999883e+00
-1.606900000000000217e+00
-8.524599999999999955e-01
-6.693399999999997130e-01
-6.459699999999999331e-01
-3.065199999999998481e-01
-6.908900000000000041e-01
-1.346000000000000252e-01
1.502600000000000324e-01
-7.689999999999998226e-02
1.871200000000000085e-01
2.146099999999999952e-01
3.078699999999998660e-01
5.071799999999999642e-01
2.664199999999999902e-01
5.133200000000002206e-01
5.662700000000001621e-01
7.443199999999999816e-01
7.570799999999997532e-01
7.695700000000000873e-01
8.423599999999998866e-01
7.402800000000001601e-01
-3.806999999999997192e-02
1.751300000000000634e-01
4.307999999999998636e-02
-1.100870000000000237e+00
-1.722650000000000903e+00
-2.057589999999999808e+00
-2.578350000000000364e+00
-7.996600000000002595e-01
-3.812999999999995560e-02
2.263300000000000312e-01
2.544700000000000295e-01
4.606999999999999984e-01
6.044200000000000683e-01
5.739100000000001423e-01
5.714399999999999480e-01
5.847200000000000175e-01
5.035200000000001896e-01
6.154500000000001636e-01
-4.479999999999997005e-03
-4.487799999999998457e-01
-1.130760000000000431e+00
-1.517270000000000119e+00
-1.842449999999999699e+00
-1.584770000000000900e+00
-9.841699999999997672e-01
-7.371499999999998609e-01
-5.587800000000000544e-01
-1.582160000000000011e+00
-8.531699999999997619e-01
1.008500000000000507e-01
9.513000000000002010e-02
6.740300000000002401e-01
1.945300000000000362e-01
2.518699999999998163e-01
-6.938000000000003886e-02
-4.575999999999995349e-02
-2.334000000000001351e-01
2.068000000000001434e-02
4.003100000000002212e-01
4.123499999999999943e-01
4.495600000000000152e-01
9.474000000000000477e-02
-4.329000000000002846e-01
3.505800000000000027e-01
6.657299999999999329e-01
7.881699999999999262e-01
8.766099999999998893e-01
8.651199999999998891e-01
8.673899999999998833e-01
1.224500000000000366e+00
1.068189999999999751e+00
1.298420000000000130e+00
1.247420000000000417e+00
1.189759999999999929e+00
1.355440000000000422e+00
1.301360000000000516e+00
1.328439999999999843e+00
1.216740000000000155e+00
1.431219999999999937e+00
1.329549999999999566e+00
1.340579999999999661e+00
1.444370000000000154e+00
1.430830000000000268e+00
1.407610000000000472e+00
1.221229999999999150e+00
1.600869999999999571e+00
1.531470000000000109e+00
1.352110000000000145e+00
1.472979999999999956e+00
1.433830000000000160e+00
1.413259999999999739e+00
1.378709999999999436e+00
1.366879999999999651e+00
1.306259999999999755e+00
1.390529999999999600e+00
1.228559999999999430e+00
8.671599999999997088e-01
-1.507099999999999829e-01
-1.570909999999999807e+00
-1.734990000000000032e+00
-1.793760000000000909e+00
-2.076690000000001035e+00
1.725699999999999457e-01
5.126200000000000756e-01
6.523300000000001875e-01
4.045400000000000662e-01
5.484900000000002551e-01
5.773600000000002064e-01
7.051300000000001456e-01
6.661000000000002474e-01
2.044300000000000006e-01
2.163399999999999768e-01
3.946000000000000202e-02
1.929300000000000737e-01
4.568800000000001749e-01
-1.878799999999999637e-01
-4.538599999999998746e-01
-2.804999999999993610e-02
5.022600000000000398e-01
7.880599999999996497e-01
3.103099999999999747e-01
5.989700000000002245e-01
6.281100000000001682e-01
7.702100000000000612e-01
9.376899999999995794e-01
1.180439999999999934e+00
1.248150000000000315e+00
5.881899999999998796e-01
9.492299999999999072e-01
1.421060000000000212e+00
1.491879999999999651e+00
1.170350000000000446e+00
1.066770000000000218e+00
1.005000000000000115e+00
1.224870000000000125e+00
1.172370000000000134e+00
1.104829999999999757e+00
1.216709999999999736e+00
1.463429999999999787e+00
1.311539999999999706e+00
1.389710000000000001e+00
1.360959999999999948e+00
4.343999999999998973e-01
7.659099999999997577e-01
1.100790000000000157e+00
-1.542290000000000161e+00
-1.137390000000000123e+00
-1.088550000000000351e+00
1.493199999999999805e-01
-9.791200000000001014e-01
3.374099999999999877e-01
3.785700000000000176e-01
2.916900000000000048e-01
9.103699999999996795e-01
9.130699999999996042e-01
1.193740000000000023e+00
1.370069999999999455e+00
1.362230000000000052e+00
8.825599999999996781e-01
8.702599999999998115e-01
8.798200000000001575e-01
-8.242499999999999272e-01
-1.159820000000000739e+00
-1.699110000000000564e+00
-1.618680000000000563e+00
2.998000000000001219e-01
-1.663269999999999804e+00
-1.626840000000000286e+00
-7.896599999999999175e-01
-3.842899999999999650e-01
-1.205059999999999798e+00
-1.842929999999999513e+00
-1.651540000000000008e+00
-5.535399999999998100e-01
-3.372800000000000797e-01
3.345000000000000057e-02
3.536500000000000754e-01
4.525000000000001937e-02
-4.337400000000002920e-01
-5.537000000000003030e-01
5.632999999999999119e-02
3.034399999999999320e-01
5.122700000000002252e-01
7.136399999999997190e-01
8.186699999999997868e-01
8.797099999999996589e-01
7.531899999999996931e-01
9.387699999999999934e-01
4.406999999999998696e-01
5.945700000000000429e-01
-1.309900000000000508e-01
5.429200000000000692e-01
5.219399999999999595e-01
4.152800000000001490e-01
7.017999999999996463e-01
8.862499999999995381e-01
9.492599999999994376e-01
4.815200000000001701e-01
9.896699999999999386e-01
9.941899999999993520e-01
7.735799999999997123e-01
3.405100000000000349e-01
3.658900000000001040e-01
3.790999999999998260e-01
3.049799999999999178e-01
3.450199999999999378e-01
-9.082600000000001783e-01
-5.541399999999999659e-01
-1.970510000000001094e+00
-1.777100000000000346e+00
-1.018520000000000092e+00
-7.697199999999999598e-01
-6.871600000000001041e-01
-1.791480000000000850e+00
-6.634799999999999587e-01
-9.325699999999996770e-01
-1.731840000000000268e+00
-2.575799999999998646e-01
-3.694599999999998441e-01
-5.524199999999999111e-01
-4.761099999999999777e-01
-9.029000000000004800e-01
-8.574099999999998944e-01
1.750999999999998738e-02
-1.228110000000000257e+00
-1.400799999999999823e+00
-1.707670000000000465e+00
-1.262910000000000199e+00
-1.632550000000000168e+00
-2.477300000000000613e-01
-2.110250000000000181e+00
-6.884299999999997643e-01
-1.550670000000000437e+00
-1.211800000000000654e+00
1.178400000000000281e-01
7.394500000000000517e-01
9.793799999999999173e-01
1.004139999999999810e+00
8.458399999999999253e-01
6.585599999999998122e-01
-1.725799999999999834e-01
-1.117109999999999825e+00
-3.573399999999999910e-01
3.829000000000000181e-01
7.274899999999999700e-01
8.044799999999996398e-01
-1.306119999999999726e+00
9.550000000000001196e-03
3.734499999999998376e-01
6.216500000000000359e-01
7.738299999999999068e-01
8.339999999999996305e-01
1.027099999999999902e+00
1.205300000000000260e+00
8.418599999999996086e-01
1.178449999999999775e+00
9.878799999999996473e-01
1.041250000000000009e+00
9.425900000000001500e-01
7.275900000000006251e-01
-3.730000000000001092e-01
1.088700000000000362e-01
6.327700000000002767e-01
9.400799999999999157e-01
4.207600000000000229e-01
-4.028799999999999604e-01
-2.346349999999999714e+00
-6.788699999999999735e-01
-2.402900000000000313e-01
-8.980700000000000349e-01
3.628399999999999959e-01
5.867400000000003724e-01
4.995500000000002716e-01
-1.999099999999998933e-01
-1.399399999999999256e-01
-6.703999999999996073e-02
-8.169999999999998375e-01
1.936600000000000543e-01
5.079500000000002347e-01
6.329899999999999416e-01
5.191900000000001514e-01
5.569700000000001872e-01
6.306400000000000894e-01
5.483300000000003172e-01
6.061199999999999921e-01
-6.731699999999999351e-01
-2.416500000000001425e-01
-1.216280000000000028e+00
-1.778729999999999700e+00
-1.833809999999999718e+00
-3.565699999999997760e-01
-1.689990000000000769e+00
-1.898400000000000087e-01
4.493699999999999917e-01
7.453799999999998205e-01
7.525199999999998557e-01
7.620899999999996011e-01
6.769700000000001827e-01
5.689999999999995409e-03
6.136500000000001398e-01
7.406100000000001016e-01
3.845300000000000384e-01
-7.964899999999999203e-01
-2.705299999999999927e-01
2.766599999999998505e-01
1.118400000000000089e-01
-2.000829999999999664e+00
-2.655099999999999683e-01
-1.172980000000000800e+00
-2.735199999999999854e-01
5.481700000000003792e-01
1.036820000000000075e+00
1.081140000000000434e+00
9.463500000000000245e-01
-1.082819999999999894e+00
-2.576399999999999801e-01
6.606300000000000505e-01
7.246000000000002439e-02
-1.362840000000000495e+00
2.271500000000000463e-01
-3.411200000000000343e-01
-8.714200000000001944e-01
4.891900000000002358e-01
2.829200000000001158e-01
-1.802570000000000006e+00
-1.040260000000000629e+00
-1.806790000000000340e+00
-1.458779999999999966e+00
-3.239999999999998992e-01
-9.573099999999989951e-01
-4.953700000000001435e-01
-4.940600000000001102e-01
-6.230099999999998417e-01
-5.072600000000000442e-01
-4.806699999999998751e-01
-4.100999999999998397e-02
-5.073299999999999477e-01
3.103400000000000047e-01
1.288200000000000178e-01
2.725500000000000145e-01
4.275700000000000056e-01
3.100400000000000378e-01
-3.668699999999999739e-01
1.162999999999998237e-02
-4.382700000000002705e-01
-1.357510000000000439e+00
-1.694099999999999773e-01
-4.772300000000003206e-01
-3.568400000000002681e-01
1.246499999999999830e-01
-6.564799999999999525e-01
-5.244100000000000428e-01
1.798300000000000731e-01
5.113399999999999057e-01
6.823600000000001886e-01
8.305899999999998284e-01
6.685999999999999721e-01
7.876100000000002543e-01
1.201200000000000045e-01
5.404000000000002552e-02
1.700599999999999890e-01
-2.999200000000000199e-01
-9.605999999999996486e-02
2.874700000000000033e-01
4.365299999999999736e-01
2.750399999999999512e-01
-3.194500000000000672e-01
-2.232700000000000795e-01
-1.216270000000000406e+00
-2.143549999999999400e+00
-2.247930000000000650e+00
-2.190330000000000776e+00
-2.221310000000001228e+00
